1 53 72 272 288 414 555 569 587 796 817 981 994 1007 1221 1245 1367 1392 1537 1558 1742 1755 1786 2019 2039 2056 2149 2164 2400 2418 2450 2771 2783 2796 2812 2830 2849 2867 3029 3072 3103 3300 3316 3340 3533
1 20 45 239 255 268 449 478 505 738 760 777 1038 1057 1075 1479 1494 1509 1526 1742 1759 1772 1788 2039 2082 2096 2122 2420 2433 2453 2466 2481 2774 2793 2814 2836 3130 3153 3171 3181 3500 3517 3533 3549 3867
1 14 27 46 328 341 356 370 380 712 804 819 836 912 1086 1108 1234 1252 1515 1529 1579 1852 1865 1881 2155 2172 2183 2199
1 25 135 366 385 394 578 958 1112
1 261 274 290 554 564 575 908 927 1146 1158 1171 1184 1611 1631 1649 1661 1810 1833 2114 2130 2141 2482 2497 2510 2527 2828 2848 2907 3154 3170 3190 3489 3506 3526 3544 3559 3829
1 218 236 254 518 539 551 1017 1037 1051 1400 1427 1575 1829 1845 1861 1877 2168 2183 2198 2210 2401 2415 2425 2718 2731 2746 2757 2907 2944 2968 3103 3120 3148 3400
1 36 204 223 234 247 513 526 537 549 648 681 702 715 846 858 869 988 1117 1137 1156 1170 1181 1373 1477 1497 1682 1844 1896 2076 2097 2384 2406 2422 2436 2573 2586 2600 2691 2908 2928 3058 3072 3085 3255 3272 3483 3504 3656
1 20 177 323 338 367 403 525 627 642 769 805 962 984 1138 1153 1167 1365 1391 1415 1464 1808 1827 1840 1854 1871 2098 2119 2131 2145 2166 2261 2288 2441 2458 2634 2653 2669 2687 2857 2884 2901 2950 2993 3019 3277 3290 3304 3324 3480 3658
1 14 31 45 266 279 293 536 549 779 792 803 813 954 973 994 1058 1085 1318 1347 1369 1536 1555 1578 1596 1888 1902 2113 2126 2138 2437 2450 2460 2525 2747 2761 2964 3007 3022 3434 3455
1 60 352 436 449 461 817 834 847 858 1196 1212 1225 1238 1605 1616 1629 1642 2011 2025 2037 2048 2091 2476 2492 2506 2849 2862 2875 3281 3295 3311 3321 3547 3565 3811
1 15 29 91 140 427 440 482 854 872 886 900 952 1381 1399 1412 1427 1858 1871 1890 2395 2437 2450 2518 2783 2805 2821 3130 3145 3162 3383
1 218 231 243 255 610 623 647 665 1045 1094 1138 1325 1348 1535 1552 1726 1766 1859 1886 1954 1979 2174 2211 2460 2476 2491 2516 2677 2699 2883 2907 3057 3152 3405 3430 3474 3753
1 17 35 47 337 363 384 567 597 654 777 798 1014 1031 1047 1200 1221 1238 1412 1427 1438 1455 1619 1633 1648 1659 1678 1827 1838 1850 1863 2014 2208 2252 2472 2489 2506 2526 2765 2817 2837 3028 3040 3050 3288 3304 3313 3541
1 21 40 76 354 367 383 397 559 571 765 779 793 1044 1060 1080 1185 1195 1354 1366 1382 1528 1544 1562 1573 1586 1657 1797 1817 1836 1850 2016 2038 2145 2170 2366 2383 2399 2500 2512 2529 2645 2765 2776 2993 3011 3027 3045 3058 3159 3195 3450 3480 3509
1 24 181 193 213 351 367 440 546 575 644 810 825 841 862 987 1000 1124 1143 1165 1283 1305 1332 1512 1524 1531 1541 1590 1724 1740 1752 1771 1848 1967 1981 2003 2016 2143 2159 2176 2328 2339 2359 2370 2432 2442 2489 2571 2619 2637 2729 2869 2882 2938 2959 2984 3072 3187 3218 3242 3390 3414 3457 3602
1 23 111 222 290 517 537 557 753 774 790 1044 1076 1145 1161 1372 1385 1395 1425 1537 1819 1835 1849 1867 2054 2073 2088 2103 2233 2289 2504 2667 2687 2717 2907 2921 2933 3073 3087 3150 3299 3311 3328 3590 3613
1 135 157 310 323 492 593 607 617 713 727 744 759 923 935 945 1041 1055 1070 1085 1187 1272 1291 1547 1647 1853 1865 1879 1892 1904 2025 2136 2172 2440 2456 2471 2493 2602 2621 2635 2786 2801 2818 2842 2951 2982 3102 3122 3305 3315 3328 3346 3361 3488 3504 3523 3617
1 20 39 184 208 226 440 460 486 675 692 777 794 813 982 1009 1027 1267 1282 1300 1318 1336 1355 1572 1589 1605 1617 1761 1782 1795 1814 2017 2033 2046 2062 2147 2168 2190 2213 2411 2428 2618 2633 2649 2671 2687 2831 3038 3066 3121 3146 3362 3402 3414 3497 3648
1 18 36 174 194 357 488 502 516 578 678 712 736 861 874 888 1107 1120 1131 1145 1159 1241 1260 1422 1440 1455 1614 1630 1646 1660 1790 1812 1827 1853 1978 1999 2084 2105 2121 2441 2456 2467 2481 2552 2572 2826 2863 2898 3066 3089 3103 3264 3277 3357 3370 3381 3531
1 17 37 159 282 304 482 499 701 716 727 746 760 886 921 965 1128 1144 1159 1178 1326 1343 1438 1459 1475 1663 1674 1691 1712 1785 1959 1979 1994 2046 2073 2203 2217 2234 2440 2456 2469 2641 2670 2689 2704 2877 2939 3148 3177 3201 3220 3475 3500 3519 3531 3669
1 42 65 342 365 380 402 426 642 682 847 875 914 923 1077 1161 1173 1184 1322 1338 1360 1375 1397 1677 1698 1716 1733 1750 1774 1870 1886 1906 1924 2089 2107 2126 2142 2267 2288 2309 2329 2503 2535 2570 2587 2791 2808 2826 3114 3128 3140 3151 3162 3173 3182 3196 3214 3309 3464 3496 3510 3521
1 151 166 183 198 213 348 371 395 663 683 701 718 737 843 972 991 1008 1024 1042 1313 1330 1344 1359 1375 1565 1580 1593 1605 1718 1735 1756 1775 1977 1996 2016 2036 2183 2196 2222 2412 2434 2453 2613 2628 2660 2837 2851 2865 2967 2979 3264 3291 3309 3327 3407 3472 3489 3526 3541 3726
1 11 25 163 173 474 489 504 518 648 665 883 892 904 919 931 1038 1107 1121 1132 1225 1253 1283 1592 1611 1625 1639 1657 1852 1865 1880 1893 1907 1920 2060 2078 2094 2110 2283 2308 2331 2348 2376 2507 2536 2550 2784 2801 2817 2838 3030 3050 3069 3184 3199 3369 3382 3394 3408 3427 3559
1 15 33 45 178 202 217 402 425 444 461 673 691 701 720 734 845 899 931 968 983 1098 1131 1345 1362 1376 1530 1550 1565 1673 1699 1902 1917 1940 1961 2123 2141 2160 2181 2204 2371 2390 2411 2611 2627 2654 2682 2816 2854 2895 3096 3114 3135 3162 3185 3216 3490 3516
1 22 47 81 110 397 453 575 597 754 774 795 914 942 954 1080 1094 1114 1139 1206 1342 1382 1409 1680 1703 1725 1775 2028 2043 2062 2091 2311 2325 2338 2347 2451 2481 2501 2519 2790 2809 2829 2850 2999 3016 3029 3044 3194 3214 3227 3250 3277 3401 3418 3429 3589 3608
1 16 171 186 251 281 306 551 571 595 616 632 796 816 996 1016 1046 1076 1211 1231 1480 1506 1533 1698 1711 1725 1891 1915 1926 1986 2066 2086 2222 2238 2249 2256 2364 2411 2421 2476 2569 2614 2626 2642 2801 2821 2839 2946 2976 3176 3201 3223 3246 3479 3497 3507 3529 3663
1 12 81 109 149 179 362 425 453 472 554 572 586 600 723 737 756 838 857 920 968 1020 1047 1147 1163 1179 1204 1313 1341 1355 1587 1615 1630 1651 1675 1856 1873 1899 2021 2141 2156 2176 2203 2356 2379 2408 2656 2686 2736 2877 2933 2986 3082 3107 3148 3271 3331 3503 3553
1 35 103 148 410 437 500 742 760 777 910 933 952 965 1138 1156 1174 1239 1255 1317 1353
1 39 204 362 562 580 752 783 797
1 48 256 272 299 331 379 399 802 903 922 1148
1 24 45 62 418 433 452 469 493 874 893 917 930 962 1171 1187 1203 1215 1596 1610 1623 1638 1650 1664 1900 1917 1931 1947 2209 2231 2245 2264 2533 2546 2561 2846 2864 2877 2890 2912 3221 3235 3275 3292 3313 3330 3612
1 28 58 78 101 243 255 446 461 473 493 504 519 720 764 784 796 966 979 995 1016 1046 1281 1290 1303 1465 1472 1573 1599 1619 1649 1845 1861 1873 1889 1904 2066 2079 2090 2188 2217 2269 2334 2428 2439 2496 2524 2540 2793 2810 2828 2842 2864 2903 2914 3020 3041 3166 3200 3401 3416 3442
1 16 33 106 367 382 392 410 437 522 744 765 796 819 1093 1111 1153 1453 1473 1500
1 26 36 95 114 126 134 211 237 264 285 318 359 388 408 426 442 497 591 697 715 764 1112
1 97 126 166 185 275 360 388 494 522 752 942 968 1001 1032 1228
1 17 26 90 107
1 64 167 180 315 325 481 501 670 681 975 991 1012 1196 1211 1325 1340 1356 1580 1596 1815 1835 1847 2073 2086 2360 2381 2397 2613 2638 2654 2873 2899 3049 3144 3169 3487 3589
1 85 266 323 364 679 698 717 843 864 1064 1084 1105 1187 1406 1423 1441 1641 1659 1733 1887 1899 2104 2116 2325 2350 2364 2523 2652 2665 2828 2879 3030 3063 3185 3215 3250 3516 3536
1 128 343 363 508 532 740 768 828 940 955 1067 1082 1197 1341 1566 1587 1603 1846 1868 1885 1972 2193 2206 2221 2238 2457 2473 2487 2499 2647 2736 2752 2766 2854 2867 3011 3026 3040 3056 3142 3162 3236 3357 3374 3502 3522 3549 3613
1 137 170 191 307 381 612 638 658 698 712 859 990 1130 1151 1336 1361 1616 1632 1650 1828 1843 1856 2000 2015 2192 2254 2292 2447 2465 2479 2733 2752 2765 2781 2794 3080 3134 3150 3171 3197 3392 3411 3437 3454 3620
1 22 43 61 236 244 336 389 406 593 608 625 643 667 801 815 1012 1025 1037 1050 1057 1210 1236 1298 1316 1333 1347 1545 1574 1617 1735 1759 1930 1948 2080 2159 2176 2184 2427 2436 2648 2662 2677 2692 2709 2728 2740 2874 2896 3083 3104 3123 3144 3249 3264 3314 3504 3518 3536 3550 3572
1 148 167 188 218 396 445 516 644 696 735 868 894 976 1035 1117 1233 1346 1366 1451 1542 1588 1771 1844 1899 2046 2069 2140 2307 2406 2516 2532 2547 2563 2778 2797 2815 2899 2914 3128 3146 3166 3188 3355 3389 3509 3683
1 40 54 125 142 198 363 585 657 767 937 954 978 993 1004 1224 1269 1472 1489 1551 1766 1791 1810 1993 2048 2271 2287 2321 2584 2598 2613 2625 2833 2847 2861 2880 3077 3152 3185 3385 3404 3415 3522
1 142 163 336 361 403 588 606 624 869 886 903 1186 1201 1215 1232 1253 1450 1491 1507 1692 1733 1759 1923 1977 2005 2180 2203 2351 2435 2557 2725 2766 2822 2949 3175 3202 3382 3504 3524 3610
1 179 203 219 344 522 545 563 785 832 849 917 953 1260 1291 1312 1463 1530 1552 1571 1808 1838 1872 2117 2182 2192 2367 2539 2558 2693 2712 2776 2942 2991 3072 3203 3236 3279 3360 3409 3493 3598
1 45 179 210 305 449 509 592 719 752 854 883 900 1065 1124 1240 1277 1455 1495 1517 1558 1821 1847 1869 2045 2084 2123 2323 2342 2372 2429 2535 2713 2748 2917 3045 3071 3097 3320 3335 3355 3504 3687
1 174 197 213 264 551 576 697 803 844 1122 1144 1164 1195 1266 1529 1557 1645 1981 2105 2248 2306 2492 2506 2662 2686 2880 2983 3001 3016 3155 3549
1 344 439 492 613 661
1 150 185 220 230 405 450 470 630 665 735 790 1020
1 15 30 50 175 190 205 440 460 475 555 785 790 830 875 945 995 1205 1235 1260 1310 1370 1570 1620 1655 1925 1945 2150 2170 2280 2300 2500 2530 2545 2565 2740 2755 2765 2770 2785 2920 2935 2950 3110 3130 3145 3155 3180 3390 3405 3420 3435 3440 3670
1 10 20 170 185 480 500 560 780 800 815 835 1070 1095 1130 1155 1310 1330 1340 1595 1685 1700 2250 2450 2735 2830 2850 3050 3065 3150 3170 3365 3400 3410 3525
1 60 85 115 355 405 440 630 655 735 755 785 1015 1045 1055 1285 1305 1310 1345 1360 1370 1640 1670 1705 1715 1835 1845 2035 2150 2165 2320 2380 2445 2475 2515 2540 2820 2845 2865 2895 3155 3175 3240 3405 3435 3460 3505 3510 3525 3725
1 140 170 305 320 340 435 475 505 595 730 755 770 830 860 1075 1110 1135 1165 1365 1400 1540 1570 1735 1755 1770 1785 2055 2070 2085 2315 2340 2515 2530 2540 2860 2890 2920 2940 3130 3145 3175 3370 3400 3410 3790
1 25 50 225 250 495 525 550 730 760 1030 1075 1105 1295 1320 1355 1520 1535 1705 1725 1760 1965 1995 2000 2215 2235 2255 2450 2495 2510 2735 2760 2825 2855 2930 3085 3120 3240
1 45 185 215 360 380 515 550 760 785 830 1010 1045 1190 1215 1390 1415 1530 1550 1780 1810 1870 1985 2015 2190 2220 2270 2420 2465 2600 2640 2820 2880 3045 3235 3250 3440 3490 3505 3780
1 60 300 330 355 600 630 840 865 1050 1300 1325 1340 1590 1610 1810 2010 2220 2505 2630 2645 2865 3280 3310
1 100 120 135 225 455
1 340 485 730 770 890 1000 1010 1040 1215 1225 1400 1435 1590 1650 1660 1670 1680 1840 1850 1870 1890 2030 2050 2060 2200 2210 2220 2410 2430 2440 2450 2590 2600 2615 2770 2785 2810 2820 3080 3095 3105 3120 3135 3320 3330 3520
1 20 35 50 275 300 460 480 490 730 860 1060 1070 1080 1285 1300 1310 1325 1445 1465 1480 1495 1660 1690
1 27 45 66 90 135 167 198 218 298 307 323 347 456 475 554 579 593 607 685 710 808 825 841 860 884 894 930
1 10 88 101 159 168 179 272 281 292 303 311 380 391 403 432 475 587 600 612 625 635 762 776 789 802 813 851 865 880 971 1004 1024 1132 1150 1200 1219 1327 1354 1371 1386 1397 1495 1504 1524 1550 1602 1615 1739 1775 1818 1859 1887 1916 2013 2032 2081 2113 2186 2211 2246 2331 2351 2377 2432 2468 2547 2572 2637 2697 2728 2900 2925 3033 3075 3122 3143 3213 3233 3347 3460 3474 3595
1 36 149 222 305 366 452 478 523 663 675 702 734 795 833 879 941 958 1033 1086 1189 1219 1367 1398 1552 1565 1781 1795 1805 1966 1979 1994 2118 2149 2192 2305 2333 2357 2468 2498 2520 2649 2772 2817 2837 2953 3022 3177 3195 3423 3435 3445 3453 3539 3552 3562 3629
1 23 39 168 185 373 392 420 545 562 713 730 752 982 996 1067 1252 1269 1377 1414 1424 1574 1591 1765 1777 1791 1966 1983 1999 2116 2148 2351 2360 2428 2496 2590 2611 2771 2797 2938 3005 3094 3100 3166 3199 3262 3279 3384 3397 3412 3597
1 16 39 186 218 396 407 423 555 574 589 715 735 836 853 955
1 62 82 116 161 204 240 299 326 381 396 484 522 544 565 611 635 713 740 764 800 869 889 931 948 980 1024 1063 1116 1172 1196 1286 1306 1340 1368 1523 1541 1601 1634 1778 1797 1953 1973 2024 2187 2212 2481 2526 2699 2724 2818 2917
1 72 208 227 290 368 383 527 672 691 845 925 1008 1033 1191 1357 1378 1405 1477 1506 1587 1605 1636 1781 1810 1905 1971 2021 2038 2087 2163 2246 2270 2311 2345 2419 2464 2602 2638 2720 2839 2873 2994 3011 3138 3154 3271 3296 3323 3459 3479 3572
1 111 192 211 245 278 378 521 616 705 742 824 886 1105 1145 1313 1343 1527 1543 1560 1780 1807 2012 2041 2198 2208 2415 2548 2564 2760 2784 2855 2873 2939 2983 2996 3168 3239 3299 3326 3371 3417 3470 3502 3605
1 26 42 142 176 295 363 383 564 581 647 689 787 864 978 1046 1061 1244 1263 1282 1293 1504 1544 1645 1737 1804 1933 1950 1963 2141 2155 2282 2314 2470 2486 2536 2560 2630 2700 2719 2847 2871 3024 3049 3160 3178 3195 3363 3379 3398 3512 3533 3769
1 18 42 116 298 416 439 902 915 927 945 960 978 1140 1156 1177 1443 1492 1529 1784 1802 1822 1836 1890 2052 2073 2199 2213 2331 2346 2655 2689 2978 3000 3018 3106 3252 3381
1 13 25 131 154 246 278 303 404 434 490 530 559 619 645 728 756 909 987 1061 1212 1254 1274 1500 1523 1545 1645 1803 1827 1952 1969 2127 2242 2269 2445 2528 2676 2702 2749 2841 2916 2983 3080 3091 3215 3231 3364 3398 3525 3651
1 15 174 275 475 490 584 729 789 895 1095 1143 1197 1225 1368 1384 1405 1478 1601 1658 1698 1730 1768 1999 2173 2195 2303 2395 2577 2597 2618 2745 2762 2883 2953 3202 3229 3247 3572
1 133 206 299 337 406 498 578 669 796 957 977 1155 1172 1343 1355 1540 1638 1654 1835 1853 2016 2038 2221 2322 2508 2528 2708 2719 2839 2852 3030 3042 3059 3295 3307 3488 3498 3693
1 21 209 226 444 618 635 779 790 954 980 1160 1175 1387 1403 1558 1570 1727 1740 1945 1953 2171 2187 2371 2380 2392 2631 2646 2817 2827 2925 2940 2957 3208 3235 3367 3380 3462 3619
1 187 353 364 555 566 767 777 996 1010 1023 1258 1274 1437 1455 1546 1638 1678 1799 1898 1962 2091 2150 2192 2321 2413 2507 2600 2706 2798 2830 2988 3072 3114 3248 3269 3426 3494
1 83 143 181 294 313 434 467 552 582 669 740 844 912 932 1013 1028 1103 1150 1230 1276 1286 1300 1365 1407 1427 1496 1532 1583 1612 1694 1745 1757 1907 1986 2002 2198 2300 2327 2461 2485 2669 2682 2699 2834 2914 2931 3004 3261 3288 3305 3343 3444 3572
1 90 107 252 278 550 701 732 880 895 1022 1113 1164 1178 1215 1354 1375 1508 1538 1784 1810 1895 2004 2107 2124 2290 2306 2318 2476 2484 2561 2687 2800 3039 3076 3117 3194 3302 3327 3477 3515 3618
1 15 147 160 355 455 711 726 766 780 915 1004 1020 1085 1279 1287 1358 1483 1494 1601 1612 1794 1811 1917 1932 2120 2135 2272 2387 2402 2504 2514 2659 2678 2849 2863 3010 3023 3217 3344 3360 3415 3494 3505 3639
1 146 165 290 410 434 563 579 787 805 929 945 1102 1122 1297 1317 1329 1552 1573 1718 1860 1872 2055 2065 2228 2360 2380 2605 2621 2777 2790 3014 3030 3045 3091 3151 3220 3255 3283 3297 3448 3579
1 99 146 346 359 505 526 705 729 870 885 1028 1150 1175 1327 1340 1511 1527 1739 1754 1869 1881 2075 2091 2189 2314 2327 2506 2519 2641 2650 2797 2808 2968 2979 3149 3164 3289 3301 3432 3448 3607
1 21 209 286 301 465 479 674 689 881 890 900 1092 1105 1251 1261 1273 1459 1472 1490 1685 1698 1871 1883 2056 2066 2080 2295 2308 2462 2472 2615 2627 2807 2817 3027 3035 3216 3229 3396 3407 3568
1 8 129 141 318 329 471 481 624 635 780 791 938 950 1141 1152 1311 1326 1478 1489 1674 1683 1814 1937 1948 2080 2090 2261 2270 2448 2470 2529 2694 2717 2747 2967 2985 3122 3140 3288 3307 3449 3459 3620
1 12 199 213 224 385 395 667 678 692 825 872 885 1119 1138 1333 1346 1486 1496 1691 1701 1716 1919 1930 2154 2162 2324 2334 2345 2551 2564 2576 2711 2728 2875 2937 3136 3163 3209 3360 3390 3557 3602
1 203 224 294 325 347 499 521 643 683 807 873 980 1098 1116 1162 1242 1301 1314 1482 1533 1549 1582 1612 1676 1795 1881 1898 2023 2178 2200 2335 2353 2527 2539 2678 2693 2861 2876 3027 3041 3055 3235 3245 3380 3391 3497 3645
1 25 46 203 227 295 364 442 540 571 713 862 903 920 1107 1119 1135 1310 1331 1347 1530 1544 1563 1760 1774 1790 1957 1977 2023 2191 2204 2351 2366 2384 2543 2553 2728 2747 2900 2911 2923 3102 3122 3131 3297 3307 3449 3463 3620
1 16 33 231 251 272 416 442 585 611 672 746 804 998 1079 1177 1199 1284 1327 1351 1435 1472 1509 1609 1636 1757 1846 1921 2025 2066 2175 2252 2585 2607 2617 2702 2808 2850 2981 3064 3181 3193 3332 3349 3445 3576
1 22 32 251 267 448 492 599 608 822 840 851 1069 1086 1099 1348 1364 1385 1429 1459 1506 1576 1595 1693 1724 1825 1894 1969 2093 2136 2275 2306 2447 2510 2615 2644 2802 2814 2989 3009 3175 3211 3340 3381 3529
1 16 168 184 292 308 320 482 497 667 684 708 852 871 1010 1026 1167 1189 1364 1382 1398 1592 1607 1750 1757 1909 1923 2060 2078 2201 2216 2389 2402 2558 2574 2733 2751 2765 2951 2967 2981 3133 3146 3281 3296 3311 3483 3500 3515 3695
1 16 31 257 272 286 458 473 486 626 643 661 859 876 886 1111 1127 1141 1369 1382 1397 1583 1597 1778 1795 1807 2035 2052 2067 2256 2272 2443 2456 2471 2628 2645 2845 2922 3106 3126 3280 3297 3482 3499
1 15 184 201 360 371 503 517 683 711 884 903 1175 1194 1215 1389 1407 1728 1746 1760 1774
1 24 35 252
1 23 232 266 287 492 507 666 682 843 856 870 972 1045 1224 1236 1253 1428 1442 1561 1577 1740 1758 1943 1962 2175 2192 2217 2497 2512 2592 2605 2618 2783 2804 2972 2998 3293 3311 3335 3348 3542 3566 3793
1 15 188 214 354 369 584 706 817 860 933 1086 1102 1230 1386 1416 1438 1446 1475 1602 1693 1816 1835 2087 2110 2133 2244 2262 2400 2417 2600 2622 2636 2791 2815 2846 3041 3061 3082 3239 3390 3407 3532
